triangle -0.5 -0.5 -0.5 0.5 0.5 0.5 -0.2 -0.2 -0.2
triangle 0.5 0.5 0.5 -0.2 -0.2 -0.2 0.2 -0.2 -0.2
box 2
triangle -0.2 -0.2 -0.2 0.2 -0.2 -0.2 0.87 -0.5 -0.21
box 1
triangle 0.87 -0.5 -0.21 0.5 0.5 0.0 0.0 -0.1 -0.4
triangle 0.5 0.5 0.0 0.0 -0.1 -0.4 0.6 -0.2 0.8
box 2
box 2
box 2
triangle 0.5 0.5 0.5 0.2 -0.2 -0.2 0.5 0.5 0.0
triangle -0.2 -0.2 -0.2 0.87 -0.5 -0.21 0.0 -0.1 -0.4
box 2
triangle 0.2 -0.2 -0.2 0.5 0.5 0.0 0.6 -0.2 0.8
box 1
triangle 0.5 0.5 0.5 0.5 0.5 0.0 0.6 -0.2 0.8
triangle 0.2 -0.2 -0.2 0.0 -0.1 -0.4 0.5 0.5 0.0
box 2
box 2
box 2
box 2
stop